0, 0.00, 0.00, 0.00, 0.00, 0.00, 0.00
10, 0.00, 0.00, 0.00, 0.00, 0.00, 0.00
20, 0.00, 0.00, 0.00, 0.00, 0.00, 0.00
30, 0.00, 0.00, 0.00, 0.00, 0.00, 0.00
40, 0.00, 0.00, 0.00, 0.00, 0.00, 0.00
50, 0.00, 0.00, 0.00, 0.00, 0.00, 0.00
60, 0.00, 0.00, 0.00, 0.00, 0.00, 0.00
70, 0.00, 0.00, 0.00, 0.00, 0.00, 0.00
80, 0.00, 0.00, 0.00, 0.00, 0.00, 0.00
90, 0.00, 0.00, 0.00, 0.00, 0.00, 0.00
100, 0.00, 0.00, 0.00, 0.00, 0.00, 0.00
110, 0.00, 0.00, 0.00, 0.00, 0.00, 0.00
120, 0.00, 0.00, 0.00, 0.00, 0.00, 0.00
130, 0.00, 0.00, 0.00, 0.00, 0.00, 0.00
140, 0.00, 0.00, 0.00, 0.00, 0.00, 0.00
150, 0.00, 0.00, 0.00, 0.00, 0.00, 0.00
160, 0.00, 0.00, 0.00, 0.00, 0.00, 0.00
170, 0.00, 0.00, 0.00, 0.00, 0.00, 0.00
180, 0.00, 0.00, 0.00, 0.00, 0.00, 0.00
190, 0.00, 0.00, 0.00, 0.00, 0.00, 0.00
200, 0.00, 0.00, 0.00, 0.00, 0.00, 0.00
210, 0.00, 0.00, 0.00, 0.00, 0.00, 0.00
220, 0.00, 0.00, 0.00, 0.00, 0.00, 0.00
230, 0.00, 0.00, 0.00, 0.00, 0.00, 0.00
240, 0.00, 0.00, 0.00, 0.00, 0.00, 0.00
250, 0.00, 0.00, 0.00, 0.00, 0.00, 0.00
260, 0.00, 0.00, 0.00, 0.00, 0.00, 0.00
270, 0.00, 0.00, 0.00, 0.00, 0.00, 0.00
280, 0.00, 0.00, 0.00, 0.00, 0.00, 0.00
290, 0.00, 0.00, 0.00, 0.00, 0.00, 0.00
300, 0.00, 0.00, 0.00, 0.00, 0.00, 0.00
310, 0.00, 0.00, 0.00, 0.00, 0.00, 0.00
320, 0.00, 0.00, 0.00, 0.00, 0.00, 0.00
330, 0.00, 0.00, 0.00, 0.00, 0.00, 0.00
340, 0.00, 0.00, 0.00, 0.00, 0.00, 0.00
350, 0.00, 0.00, 0.00, 0.00, 0.00, 0.00
360, 0.00, 0.00, 0.00, 0.00, 0.00, 0.00
370, 0.00, 0.00, 0.00, 0.00, 0.00, 0.00
380, 0.00, 0.00, 0.00, 0.00, 0.00, 0.00
390, 0.00, 0.00, 0.00, 0.00, 0.00, 0.00
400, 0.00, 0.00, 0.00, 0.00, 0.00, 0.00
410, 0.00, 0.00, 0.00, 0.00, 0.00, 0.00
420, 0.00, 0.00, 0.00, 0.00, 0.00, 0.00
430, 0.00, 0.00, 0.00, 0.00, 0.00, 0.00
440, 0.00, 0.00, 0.00, 0.00, 0.00, 0.00
450, 0.00, 0.00, 0.00, 0.00, 0.00, 0.00
460, 0.00, 0.00, 0.00, 0.00, 0.00, 0.00
470, 0.00, 0.00, 0.00, 0.00, 0.00, 0.00
480, 0.00, 0.00, 0.00, 0.00, 0.00, 0.00
490, 0.00, 0.00, 0.00, 0.00, 0.00, 0.00
500, 0.00, 0.00, 0.00, 0.00, 0.00, 0.00
510, 0.00, 0.00, 0.00, 0.00, 0.00, 0.00
520, 0.00, 0.00, 0.00, 0.00, 0.00, 0.00
530, 0.00, 0.00, 0.00, 0.00, 0.00, 0.00
540, 0.00, 0.00, 0.00, 0.00, 0.00, 0.00
550, 0.00, 0.00, 0.00, 0.00, 0.00, 0.00
560, 0.00, 0.00, 0.00, 0.00, 0.00, 0.00
570, 0.00, 0.00, 0.00, 0.00, 0.00, 0.00
580, 0.00, 0.00, 0.00, 0.00, 0.00, 0.00
590, 0.00, 0.00, 0.00, 0.00, 0.00, 0.00
600, 0.00, 0.00, 0.00, 0.00, 0.00, 0.00
610, 0.00, 0.00, 0.00, 0.00, 0.00, 0.00
620, 0.00, 0.00, 0.00, 0.00, 0.00, 0.00
630, 0.00, 0.00, 0.00, 0.00, 0.00, 0.00
640, 0.00, 0.00, 0.00, 0.00, 0.00, 0.00
650, 0.00, 0.00, 0.00, 0.00, 0.00, 0.00
660, 0.00, 0.00, 0.00, 0.00, 0.00, 0.00
670, 0.00, 0.00, 0.00, 0.00, 0.00, 0.00
680, 0.00, 0.00, 0.00, 0.00, 0.00, 0.00
690, 0.00, 0.00, 0.00, 0.00, 0.00, 0.00
700, 0.00, 0.00, 0.00, 0.00, 0.00, 0.00
710, 0.00, 0.00, 0.00, 0.00, 0.00, 0.00
720, 0.00, 0.00, 0.00, 0.00, 0.00, 0.00
730, 0.00, 0.00, 0.00, 0.00, 0.00, 0.00
740, 0.00, 0.00, 0.00, 0.00, 0.00, 0.00
750, 0.80, 0.32, 8.74, -15.62, 10.99, -14.22
760, 1.08, 0.28, 8.57, -17.33, 10.68, -14.04
770, 1.16, 0.34, 8.43, -18.37, 9.77, -13.61
780, 1.29, 0.35, 8.32, -17.76, 8.79, -13.37
790, 1.36, 0.20, 8.20, -15.87, 7.75, -13.24
800, 1.32, 0.03, 8.10, -12.94, 6.53, -13.55
810, 1.12, 0.04, 8.48, -14.04, 0.79, -12.51
820, 0.95, 0.33, 8.87, -15.01, -4.64, -10.86
830, 0.88, 0.56, 9.43, -13.98, -10.13, -8.00
840, 0.86, 0.60, 9.82, -9.46, -14.47, -5.68
850, 0.82, 0.66, 10.17, -3.72, -16.17, -4.27
860, 0.74, 0.71, 10.39, 8.91, -13.12, -3.11
870, 0.67, 0.44, 10.58, 12.15, -11.78, -2.99
880, 0.61, 0.30, 10.61, 12.02, -11.47, -2.99
890, 0.59, 0.19, 10.63, 10.25, -11.78, -3.23
900, 0.58, 0.21, 10.58, 8.06, -11.17, -3.30
910, 0.61, 0.21, 10.55, 3.97, -7.87, -4.82
920, 0.54, 0.16, 10.44, 2.93, -5.74, -5.98
930, 0.49, 0.24, 10.22, 2.14, -3.78, -6.71
940, 0.42, 0.26, 9.79, 1.89, -2.38, -6.96
950, 0.44, -0.04, 9.07, 1.95, -0.31, -7.39
960, 0.47, -0.29, 8.27, 0.00, 3.97, -9.09
970, 0.51, -0.92, 6.93, -9.22, 9.58, -13.31
980, 0.49, -1.38, 6.25, -11.90, 11.54, -14.77
990, 0.58, -1.65, 5.54, -10.62, 15.20, -14.95
ANS: beta, 0.750000
0, 0.00, 0.00, 0.00, 0.00, 0.00, 0.00
10, 0.00, 0.00, 0.00, 0.00, 0.00, 0.00
20, 0.00, 0.00, 0.00, 0.00, 0.00, 0.00
30, 0.00, 0.00, 0.00, 0.00, 0.00, 0.00
40, 0.00, 0.00, 0.00, 0.00, 0.00, 0.00
50, 0.00, 0.00, 0.00, 0.00, 0.00, 0.00
60, 0.00, 0.00, 0.00, 0.00, 0.00, 0.00
70, 0.00, 0.00, 0.00, 0.00, 0.00, 0.00
80, 0.00, 0.00, 0.00, 0.00, 0.00, 0.00
90, 0.00, 0.00, 0.00, 0.00, 0.00, 0.00
100, 0.00, 0.00, 0.00, 0.00, 0.00, 0.00
110, 0.00, 0.00, 0.00, 0.00, 0.00, 0.00
120, 0.00, 0.00, 0.00, 0.00, 0.00, 0.00
130, 0.00, 0.00, 0.00, 0.00, 0.00, 0.00
140, 0.00, 0.00, 0.00, 0.00, 0.00, 0.00
150, 0.00, 0.00, 0.00, 0.00, 0.00, 0.00
160, 0.00, 0.00, 0.00, 0.00, 0.00, 0.00
170, 0.00, 0.00, 0.00, 0.00, 0.00, 0.00
180, 0.00, 0.00, 0.00, 0.00, 0.00, 0.00
190, 0.00, 0.00, 0.00, 0.00, 0.00, 0.00
200, 0.00, 0.00, 0.00, 0.00, 0.00, 0.00
210, 0.00, 0.00, 0.00, 0.00, 0.00, 0.00
220, 0.00, 0.00, 0.00, 0.00, 0.00, 0.00
230, 0.00, 0.00, 0.00, 0.00, 0.00, 0.00
240, 0.00, 0.00, 0.00, 0.00, 0.00, 0.00
250, 0.00, 0.00, 0.00, 0.00, 0.00, 0.00
260, 0.00, 0.00, 0.00, 0.00, 0.00, 0.00
270, 0.00, 0.00, 0.00, 0.00, 0.00, 0.00
280, 0.00, 0.00, 0.00, 0.00, 0.00, 0.00
290, 0.00, 0.00, 0.00, 0.00, 0.00, 0.00
300, 0.00, 0.00, 0.00, 0.00, 0.00, 0.00
310, 0.00, 0.00, 0.00, 0.00, 0.00, 0.00
320, 0.00, 0.00, 0.00, 0.00, 0.00, 0.00
330, 0.00, 0.00, 0.00, 0.00, 0.00, 0.00
340, 0.00, 0.00, 0.00, 0.00, 0.00, 0.00
350, 0.00, 0.00, 0.00, 0.00, 0.00, 0.00
360, 0.00, 0.00, 0.00, 0.00, 0.00, 0.00
370, 0.00, 0.00, 0.00, 0.00, 0.00, 0.00
380, 0.00, 0.00, 0.00, 0.00, 0.00, 0.00
390, 0.00, 0.00, 0.00, 0.00, 0.00, 0.00
400, 0.00, 0.00, 0.00, 0.00, 0.00, 0.00
410, 0.00, 0.00, 0.00, 0.00, 0.00, 0.00
420, 0.00, 0.00, 0.00, 0.00, 0.00, 0.00
430, 0.00, 0.00, 0.00, 0.00, 0.00, 0.00
440, 0.00, 0.00, 0.00, 0.00, 0.00, 0.00
450, 0.00, 0.00, 0.00, 0.00, 0.00, 0.00
460, 0.00, 0.00, 0.00, 0.00, 0.00, 0.00
470, 0.00, 0.00, 0.00, 0.00, 0.00, 0.00
480, 0.00, 0.00, 0.00, 0.00, 0.00, 0.00
490, 0.00, 0.00, 0.00, 0.00, 0.00, 0.00
500, 0.80, 0.32, 8.74, -15.62, 10.99, -14.22
510, 1.08, 0.28, 8.57, -17.33, 10.68, -14.04
520, 1.16, 0.34, 8.43, -18.37, 9.77, -13.61
530, 1.29, 0.35, 8.32, -17.76, 8.79, -13.37
540, 1.36, 0.20, 8.20, -15.87, 7.75, -13.24
550, 1.32, 0.03, 8.10, -12.94, 6.53, -13.55
560, 1.12, 0.04, 8.48, -14.04, 0.79, -12.51
570, 0.95, 0.33, 8.87, -15.01, -4.64, -10.86
580, 0.88, 0.56, 9.43, -13.98, -10.13, -8.00
590, 0.86, 0.60, 9.82, -9.46, -14.47, -5.68
600, 0.82, 0.66, 10.17, -3.72, -16.17, -4.27
610, 0.74, 0.71, 10.39, 8.91, -13.12, -3.11
620, 0.67, 0.44, 10.58, 12.15, -11.78, -2.99
630, 0.61, 0.30, 10.61, 12.02, -11.47, -2.99
640, 0.59, 0.19, 10.63, 10.25, -11.78, -3.23
650, 0.58, 0.21, 10.58, 8.06, -11.17, -3.30
660, 0.61, 0.21, 10.55, 3.97, -7.87, -4.82
670, 0.54, 0.16, 10.44, 2.93, -5.74, -5.98
680, 0.49, 0.24, 10.22, 2.14, -3.78, -6.71
690, 0.42, 0.26, 9.79, 1.89, -2.38, -6.96
700, 0.44, -0.04, 9.07, 1.95, -0.31, -7.39
710, 0.47, -0.29, 8.27, 0.00, 3.97, -9.09
720, 0.51, -0.92, 6.93, -9.22, 9.58, -13.31
730, 0.49, -1.38, 6.25, -11.90, 11.54, -14.77
740, 0.58, -1.65, 5.54, -10.62, 15.20, -14.95
750, 0.55, -1.99, 4.62, -2.81, 18.49, -14.16
760, 0.40, -2.82, 3.45, 10.80, 19.23, -13.37
770, 0.16, -4.56, 1.69, 23.56, 6.10, -6.65
780, -0.32, -4.70, 1.16, 16.30, -9.77, 0.61
790, -0.37, -4.79, 1.12, 6.77, -28.63, 9.52
800, -0.63, -4.68, 1.54, -2.38, -47.00, 15.99
810, -1.00, -4.61, 2.41, -10.74, -63.17, 18.92
820, -1.45, -4.95, 3.43, -27.16, -76.66, 14.83
830, -2.64, -5.57, 5.77, -36.62, -72.45, 9.34
840, -3.03, -5.81, 7.23, -42.30, -63.78, 5.37
850, -3.62, -5.74, 8.65, -41.32, -56.64, 5.00
860, -4.03, -5.60, 9.89, -35.28, -55.60, 12.39
870, -4.14, -5.55, 10.91, -23.13, -64.09, 49.74
880, -3.35, -4.78, 11.64, 8.24, -73.61, 72.33
890, -2.86, -4.27, 11.88, 18.13, -87.65, 91.43
900, -2.49, -3.56, 12.40, 20.63, -105.59, 105.71
910, -2.30, -2.79, 13.45, 16.24, -123.29, 115.72
920, -1.61, -2.96, 15.17, 9.28, -135.86, 121.46
930, -3.03, -1.37, 17.29, -4.70, -141.36, 123.78
940, -3.03, -1.49, 17.20, -5.43, -135.80, 117.61
950, -4.19, -0.86, 17.79, -13.31, -120.06, 107.12
960, -5.06, -0.71, 18.36, -16.48, -98.51, 104.74
970, -5.13, 0.13, 18.98, -18.25, -77.82, 109.25
980, -5.06, 1.08, 19.46, -15.44, -48.58, 122.38
990, -4.55, 2.43, 19.28, -7.26, -35.03, 125.55
ANS: alpha, 0.539062
0, 0.00, 0.00, 0.00, 0.00, 0.00, 0.00
10, 0.00, 0.00, 0.00, 0.00, 0.00, 0.00
20, 0.00, 0.00, 0.00, 0.00, 0.00, 0.00
30, 0.00, 0.00, 0.00, 0.00, 0.00, 0.00
40, 0.00, 0.00, 0.00, 0.00, 0.00, 0.00
50, 0.00, 0.00, 0.00, 0.00, 0.00, 0.00
60, 0.00, 0.00, 0.00, 0.00, 0.00, 0.00
70, 0.00, 0.00, 0.00, 0.00, 0.00, 0.00
80, 0.00, 0.00, 0.00, 0.00, 0.00, 0.00
90, 0.00, 0.00, 0.00, 0.00, 0.00, 0.00
100, 0.00, 0.00, 0.00, 0.00, 0.00, 0.00
110, 0.00, 0.00, 0.00, 0.00, 0.00, 0.00
120, 0.00, 0.00, 0.00, 0.00, 0.00, 0.00
130, 0.00, 0.00, 0.00, 0.00, 0.00, 0.00
140, 0.00, 0.00, 0.00, 0.00, 0.00, 0.00
150, 0.00, 0.00, 0.00, 0.00, 0.00, 0.00
160, 0.00, 0.00, 0.00, 0.00, 0.00, 0.00
170, 0.00, 0.00, 0.00, 0.00, 0.00, 0.00
180, 0.00, 0.00, 0.00, 0.00, 0.00, 0.00
190, 0.00, 0.00, 0.00, 0.00, 0.00, 0.00
200, 0.00, 0.00, 0.00, 0.00, 0.00, 0.00
210, 0.00, 0.00, 0.00, 0.00, 0.00, 0.00
220, 0.00, 0.00, 0.00, 0.00, 0.00, 0.00
230, 0.00, 0.00, 0.00, 0.00, 0.00, 0.00
240, 0.00, 0.00, 0.00, 0.00, 0.00, 0.00
250, 0.80, 0.32, 8.74, -15.62, 10.99, -14.22
260, 1.08, 0.28, 8.57, -17.33, 10.68, -14.04
270, 1.16, 0.34, 8.43, -18.37, 9.77, -13.61
280, 1.29, 0.35, 8.32, -17.76, 8.79, -13.37
290, 1.36, 0.20, 8.20, -15.87, 7.75, -13.24
300, 1.32, 0.03, 8.10, -12.94, 6.53, -13.55
310, 1.12, 0.04, 8.48, -14.04, 0.79, -12.51
320, 0.95, 0.33, 8.87, -15.01, -4.64, -10.86
330, 0.88, 0.56, 9.43, -13.98, -10.13, -8.00
340, 0.86, 0.60, 9.82, -9.46, -14.47, -5.68
350, 0.82, 0.66, 10.17, -3.72, -16.17, -4.27
360, 0.74, 0.71, 10.39, 8.91, -13.12, -3.11
370, 0.67, 0.44, 10.58, 12.15, -11.78, -2.99
380, 0.61, 0.30, 10.61, 12.02, -11.47, -2.99
390, 0.59, 0.19, 10.63, 10.25, -11.78, -3.23
400, 0.58, 0.21, 10.58, 8.06, -11.17, -3.30
410, 0.61, 0.21, 10.55, 3.97, -7.87, -4.82
420, 0.54, 0.16, 10.44, 2.93, -5.74, -5.98
430, 0.49, 0.24, 10.22, 2.14, -3.78, -6.71
440, 0.42, 0.26, 9.79, 1.89, -2.38, -6.96
450, 0.44, -0.04, 9.07, 1.95, -0.31, -7.39
460, 0.47, -0.29, 8.27, 0.00, 3.97, -9.09
470, 0.51, -0.92, 6.93, -9.22, 9.58, -13.31
480, 0.49, -1.38, 6.25, -11.90, 11.54, -14.77
490, 0.58, -1.65, 5.54, -10.62, 15.20, -14.95
500, 0.55, -1.99, 4.62, -2.81, 18.49, -14.16
510, 0.40, -2.82, 3.45, 10.80, 19.23, -13.37
520, 0.16, -4.56, 1.69, 23.56, 6.10, -6.65
530, -0.32, -4.70, 1.16, 16.30, -9.77, 0.61
540, -0.37, -4.79, 1.12, 6.77, -28.63, 9.52
550, -0.63, -4.68, 1.54, -2.38, -47.00, 15.99
560, -1.00, -4.61, 2.41, -10.74, -63.17, 18.92
570, -1.45, -4.95, 3.43, -27.16, -76.66, 14.83
580, -2.64, -5.57, 5.77, -36.62, -72.45, 9.34
590, -3.03, -5.81, 7.23, -42.30, -63.78, 5.37
600, -3.62, -5.74, 8.65, -41.32, -56.64, 5.00
610, -4.03, -5.60, 9.89, -35.28, -55.60, 12.39
620, -4.14, -5.55, 10.91, -23.13, -64.09, 49.74
630, -3.35, -4.78, 11.64, 8.24, -73.61, 72.33
640, -2.86, -4.27, 11.88, 18.13, -87.65, 91.43
650, -2.49, -3.56, 12.40, 20.63, -105.59, 105.71
660, -2.30, -2.79, 13.45, 16.24, -123.29, 115.72
670, -1.61, -2.96, 15.17, 9.28, -135.86, 121.46
680, -3.03, -1.37, 17.29, -4.70, -141.36, 123.78
690, -3.03, -1.49, 17.20, -5.43, -135.80, 117.61
700, -4.19, -0.86, 17.79, -13.31, -120.06, 107.12
710, -5.06, -0.71, 18.36, -16.48, -98.51, 104.74
720, -5.13, 0.13, 18.98, -18.25, -77.82, 109.25
730, -5.06, 1.08, 19.46, -15.44, -48.58, 122.38
740, -4.55, 2.43, 19.28, -7.26, -35.03, 125.55
750, -4.37, 2.66, 19.06, 0.85, -20.81, 127.08
760, -4.44, 3.02, 18.59, 3.11, -11.78, 126.77
770, -4.31, 3.71, 18.63, -2.38, -5.43, 125.24
780, -3.99, 4.60, 18.80, -10.68, 11.66, 117.55
790, -3.70, 5.96, 19.12, -8.73, 23.86, 109.86
800, -3.64, 6.41, 19.07, -2.99, 36.74, 102.05
810, -3.62, 6.57, 18.64, 7.63, 49.68, 95.64
820, -3.55, 6.68, 17.97, 20.08, 62.44, 90.52
830, -3.26, 6.66, 17.13, 29.79, 73.61, 81.24
840, -2.60, 6.57, 15.22, 35.71, 89.54, 74.65
850, -2.34, 6.33, 14.51, 33.57, 95.03, 66.04
860, -2.23, 6.14, 13.84, 29.79, 99.37, 55.73
870, -2.16, 6.03, 13.23, 25.88, 103.39, 45.35
880, -2.33, 5.88, 12.25, 23.44, 107.67, 35.64
890, -1.66, 5.68, 11.70, 20.57, 124.51, 22.16
900, -1.64, 6.07, 10.79, 23.38, 120.48, 14.53
910, -1.95, 6.21, 10.33, 22.16, 106.45, 6.10
920, -2.08, 6.23, 9.76, 26.61, 99.85, 1.28
930, -1.98, 6.09, 8.96, 34.00, 101.44, -0.49
940, -1.56, 6.12, 8.22, 39.06, 105.16, -10.99
950, -1.32, 6.13, 6.78, 36.38, 100.46, -20.02
960, -1.22, 6.02, 6.33, 30.70, 93.75, -30.03
970, -1.22, 5.77, 6.08, 24.84, 87.16, -41.32
980, -1.31, 5.55, 5.72, 19.71, 83.74, -51.64
990, -1.26, 5.25, 5.45, 17.27, 81.48, -67.44
ANS: unknown, 0.949219
0, 0.80, 0.32, 8.74, -15.62, 10.99, -14.22
10, 1.08, 0.28, 8.57, -17.33, 10.68, -14.04
20, 1.16, 0.34, 8.43, -18.37, 9.77, -13.61
30, 1.29, 0.35, 8.32, -17.76, 8.79, -13.37
40, 1.36, 0.20, 8.20, -15.87, 7.75, -13.24
50, 1.32, 0.03, 8.10, -12.94, 6.53, -13.55
60, 1.12, 0.04, 8.48, -14.04, 0.79, -12.51
70, 0.95, 0.33, 8.87, -15.01, -4.64, -10.86
80, 0.88, 0.56, 9.43, -13.98, -10.13, -8.00
90, 0.86, 0.60, 9.82, -9.46, -14.47, -5.68
100, 0.82, 0.66, 10.17, -3.72, -16.17, -4.27
110, 0.74, 0.71, 10.39, 8.91, -13.12, -3.11
120, 0.67, 0.44, 10.58, 12.15, -11.78, -2.99
130, 0.61, 0.30, 10.61, 12.02, -11.47, -2.99
140, 0.59, 0.19, 10.63, 10.25, -11.78, -3.23
150, 0.58, 0.21, 10.58, 8.06, -11.17, -3.30
160, 0.61, 0.21, 10.55, 3.97, -7.87, -4.82
170, 0.54, 0.16, 10.44, 2.93, -5.74, -5.98
180, 0.49, 0.24, 10.22, 2.14, -3.78, -6.71
190, 0.42, 0.26, 9.79, 1.89, -2.38, -6.96
200, 0.44, -0.04, 9.07, 1.95, -0.31, -7.39
210, 0.47, -0.29, 8.27, 0.00, 3.97, -9.09
220, 0.51, -0.92, 6.93, -9.22, 9.58, -13.31
230, 0.49, -1.38, 6.25, -11.90, 11.54, -14.77
240, 0.58, -1.65, 5.54, -10.62, 15.20, -14.95
250, 0.55, -1.99, 4.62, -2.81, 18.49, -14.16
260, 0.40, -2.82, 3.45, 10.80, 19.23, -13.37
270, 0.16, -4.56, 1.69, 23.56, 6.10, -6.65
280, -0.32, -4.70, 1.16, 16.30, -9.77, 0.61
290, -0.37, -4.79, 1.12, 6.77, -28.63, 9.52
300, -0.63, -4.68, 1.54, -2.38, -47.00, 15.99
310, -1.00, -4.61, 2.41, -10.74, -63.17, 18.92
320, -1.45, -4.95, 3.43, -27.16, -76.66, 14.83
330, -2.64, -5.57, 5.77, -36.62, -72.45, 9.34
340, -3.03, -5.81, 7.23, -42.30, -63.78, 5.37
350, -3.62, -5.74, 8.65, -41.32, -56.64, 5.00
360, -4.03, -5.60, 9.89, -35.28, -55.60, 12.39
370, -4.14, -5.55, 10.91, -23.13, -64.09, 49.74
380, -3.35, -4.78, 11.64, 8.24, -73.61, 72.33
390, -2.86, -4.27, 11.88, 18.13, -87.65, 91.43
400, -2.49, -3.56, 12.40, 20.63, -105.59, 105.71
410, -2.30, -2.79, 13.45, 16.24, -123.29, 115.72
420, -1.61, -2.96, 15.17, 9.28, -135.86, 121.46
430, -3.03, -1.37, 17.29, -4.70, -141.36, 123.78
440, -3.03, -1.49, 17.20, -5.43, -135.80, 117.61
450, -4.19, -0.86, 17.79, -13.31, -120.06, 107.12
460, -5.06, -0.71, 18.36, -16.48, -98.51, 104.74
470, -5.13, 0.13, 18.98, -18.25, -77.82, 109.25
480, -5.06, 1.08, 19.46, -15.44, -48.58, 122.38
490, -4.55, 2.43, 19.28, -7.26, -35.03, 125.55
500, -4.37, 2.66, 19.06, 0.85, -20.81, 127.08
510, -4.44, 3.02, 18.59, 3.11, -11.78, 126.77
520, -4.31, 3.71, 18.63, -2.38, -5.43, 125.24
530, -3.99, 4.60, 18.80, -10.68, 11.66, 117.55
540, -3.70, 5.96, 19.12, -8.73, 23.86, 109.86
550, -3.64, 6.41, 19.07, -2.99, 36.74, 102.05
560, -3.62, 6.57, 18.64, 7.63, 49.68, 95.64
570, -3.55, 6.68, 17.97, 20.08, 62.44, 90.52
580, -3.26, 6.66, 17.13, 29.79, 73.61, 81.24
590, -2.60, 6.57, 15.22, 35.71, 89.54, 74.65
600, -2.34, 6.33, 14.51, 33.57, 95.03, 66.04
610, -2.23, 6.14, 13.84, 29.79, 99.37, 55.73
620, -2.16, 6.03, 13.23, 25.88, 103.39, 45.35
630, -2.33, 5.88, 12.25, 23.44, 107.67, 35.64
640, -1.66, 5.68, 11.70, 20.57, 124.51, 22.16
650, -1.64, 6.07, 10.79, 23.38, 120.48, 14.53
660, -1.95, 6.21, 10.33, 22.16, 106.45, 6.10
670, -2.08, 6.23, 9.76, 26.61, 99.85, 1.28
680, -1.98, 6.09, 8.96, 34.00, 101.44, -0.49
690, -1.56, 6.12, 8.22, 39.06, 105.16, -10.99
700, -1.32, 6.13, 6.78, 36.38, 100.46, -20.02
710, -1.22, 6.02, 6.33, 30.70, 93.75, -30.03
720, -1.22, 5.77, 6.08, 24.84, 87.16, -41.32
730, -1.31, 5.55, 5.72, 19.71, 83.74, -51.64
740, -1.26, 5.25, 5.45, 17.27, 81.48, -67.44
750, -1.41, 4.60, 5.09, 14.40, 78.43, -73.67
760, -1.51, 4.29, 4.71, 15.93, 75.20, -77.64
770, -1.54, 3.98, 4.25, 16.48, 71.90, -80.75
780, -1.47, 3.80, 3.94, 12.76, 66.83, -83.50
790, -1.43, 3.88, 4.11, 5.31, 60.06, -86.24
800, -1.58, 3.95, 4.61, 0.37, 47.12, -96.25
810, -1.65, 3.52, 4.27, 6.04, 44.01, -100.65
820, -1.54, 2.87, 3.61, 11.66, 41.69, -104.19
830, -1.32, 2.10, 2.94, 13.12, 38.57, -107.91
840, -1.22, 1.43, 2.56, 9.77, 33.02, -112.06
850, -1.24, 0.97, 2.69, -4.58, 14.95, -117.13
860, -1.18, 0.55, 2.65, -12.27, 5.62, -117.13
870, -1.00, 0.46, 3.23, -19.59, -0.98, -117.55
880, -1.07, 0.54, 3.70, -25.51, -9.28, -117.68
890, -1.06, 0.70, 4.24, -30.15, -19.53, -116.82
900, -0.96, 1.03, 4.68, -27.40, -41.20, -116.15
910, -1.17, 1.11, 5.33, -21.97, -50.72, -117.86
920, -1.37, 0.78, 5.51, -15.81, -57.01, -120.24
930, -1.46, 0.39, 5.59, -11.84, -60.42, -122.44
940, -1.53, -0.05, 5.60, -10.80, -62.93, -124.76
950, -1.52, -0.55, 5.88, -13.24, -66.10, -130.37
960, -1.73, -1.48, 6.58, -23.38, -70.74, -133.24
970, -2.08, -1.97, 6.59, -27.34, -70.01, -136.60
980, -2.17, -2.82, 6.57, -30.70, -66.71, -137.39
990, -2.06, -3.73, 7.12, -39.25, -65.43, -136.05
ANS: unknown, 0.910156
^^^
0, 0.55, -1.99, 4.62, -2.81, 18.49, -14.16
10, 0.40, -2.82, 3.45, 10.80, 19.23, -13.37
20, 0.16, -4.56, 1.69, 23.56, 6.10, -6.65
30, -0.32, -4.70, 1.16, 16.30, -9.77, 0.61
40, -0.37, -4.79, 1.12, 6.77, -28.63, 9.52
50, -0.63, -4.68, 1.54, -2.38, -47.00, 15.99
60, -1.00, -4.61, 2.41, -10.74, -63.17, 18.92
70, -1.45, -4.95, 3.43, -27.16, -76.66, 14.83
80, -2.64, -5.57, 5.77, -36.62, -72.45, 9.34
90, -3.03, -5.81, 7.23, -42.30, -63.78, 5.37
100, -3.62, -5.74, 8.65, -41.32, -56.64, 5.00
110, -4.03, -5.60, 9.89, -35.28, -55.60, 12.39
120, -4.14, -5.55, 10.91, -23.13, -64.09, 49.74
130, -3.35, -4.78, 11.64, 8.24, -73.61, 72.33
140, -2.86, -4.27, 11.88, 18.13, -87.65, 91.43
150, -2.49, -3.56, 12.40, 20.63, -105.59, 105.71
160, -2.30, -2.79, 13.45, 16.24, -123.29, 115.72
170, -1.61, -2.96, 15.17, 9.28, -135.86, 121.46
180, -3.03, -1.37, 17.29, -4.70, -141.36, 123.78
190, -3.03, -1.49, 17.20, -5.43, -135.80, 117.61
200, -4.19, -0.86, 17.79, -13.31, -120.06, 107.12
210, -5.06, -0.71, 18.36, -16.48, -98.51, 104.74
220, -5.13, 0.13, 18.98, -18.25, -77.82, 109.25
230, -5.06, 1.08, 19.46, -15.44, -48.58, 122.38
240, -4.55, 2.43, 19.28, -7.26, -35.03, 125.55
250, -4.37, 2.66, 19.06, 0.85, -20.81, 127.08
260, -4.44, 3.02, 18.59, 3.11, -11.78, 126.77
270, -4.31, 3.71, 18.63, -2.38, -5.43, 125.24
280, -3.99, 4.60, 18.80, -10.68, 11.66, 117.55
290, -3.70, 5.96, 19.12, -8.73, 23.86, 109.86
300, -3.64, 6.41, 19.07, -2.99, 36.74, 102.05
310, -3.62, 6.57, 18.64, 7.63, 49.68, 95.64
320, -3.55, 6.68, 17.97, 20.08, 62.44, 90.52
330, -3.26, 6.66, 17.13, 29.79, 73.61, 81.24
340, -2.60, 6.57, 15.22, 35.71, 89.54, 74.65
350, -2.34, 6.33, 14.51, 33.57, 95.03, 66.04
360, -2.23, 6.14, 13.84, 29.79, 99.37, 55.73
370, -2.16, 6.03, 13.23, 25.88, 103.39, 45.35
380, -2.33, 5.88, 12.25, 23.44, 107.67, 35.64
390, -1.66, 5.68, 11.70, 20.57, 124.51, 22.16
400, -1.64, 6.07, 10.79, 23.38, 120.48, 14.53
410, -1.95, 6.21, 10.33, 22.16, 106.45, 6.10
420, -2.08, 6.23, 9.76, 26.61, 99.85, 1.28
430, -1.98, 6.09, 8.96, 34.00, 101.44, -0.49
440, -1.56, 6.12, 8.22, 39.06, 105.16, -10.99
450, -1.32, 6.13, 6.78, 36.38, 100.46, -20.02
460, -1.22, 6.02, 6.33, 30.70, 93.75, -30.03
470, -1.22, 5.77, 6.08, 24.84, 87.16, -41.32
480, -1.31, 5.55, 5.72, 19.71, 83.74, -51.64
490, -1.26, 5.25, 5.45, 17.27, 81.48, -67.44
500, -1.41, 4.60, 5.09, 14.40, 78.43, -73.67
510, -1.51, 4.29, 4.71, 15.93, 75.20, -77.64
520, -1.54, 3.98, 4.25, 16.48, 71.90, -80.75
530, -1.47, 3.80, 3.94, 12.76, 66.83, -83.50
540, -1.43, 3.88, 4.11, 5.31, 60.06, -86.24
550, -1.58, 3.95, 4.61, 0.37, 47.12, -96.25
560, -1.65, 3.52, 4.27, 6.04, 44.01, -100.65
570, -1.54, 2.87, 3.61, 11.66, 41.69, -104.19
580, -1.32, 2.10, 2.94, 13.12, 38.57, -107.91
590, -1.22, 1.43, 2.56, 9.77, 33.02, -112.06
600, -1.24, 0.97, 2.69, -4.58, 14.95, -117.13
610, -1.18, 0.55, 2.65, -12.27, 5.62, -117.13
620, -1.00, 0.46, 3.23, -19.59, -0.98, -117.55
630, -1.07, 0.54, 3.70, -25.51, -9.28, -117.68
640, -1.06, 0.70, 4.24, -30.15, -19.53, -116.82
650, -0.96, 1.03, 4.68, -27.40, -41.20, -116.15
660, -1.17, 1.11, 5.33, -21.97, -50.72, -117.86
670, -1.37, 0.78, 5.51, -15.81, -57.01, -120.24
680, -1.46, 0.39, 5.59, -11.84, -60.42, -122.44
690, -1.53, -0.05, 5.60, -10.80, -62.93, -124.76
700, -1.52, -0.55, 5.88, -13.24, -66.10, -130.37
710, -1.73, -1.48, 6.58, -23.38, -70.74, -133.24
720, -2.08, -1.97, 6.59, -27.34, -70.01, -136.60
730, -2.17, -2.82, 6.57, -30.70, -66.71, -137.39
740, -2.06, -3.73, 7.12, -39.25, -65.43, -136.05
750, 3.83, 3.32, 8.30, -3.30, -2.93, -1.46
760, 3.91, 3.42, 8.51, -3.97, -3.72, -1.53
770, 3.89, 3.35, 8.70, -1.34, -2.26, -1.71
780, 3.87, 3.10, 8.30, 6.16, -0.61, -1.83
790, 3.89, 2.91, 8.12, 8.12, 0.12, -1.22
800, 3.84, 2.81, 8.09, 7.26, -0.24, -1.16
810, 3.75, 2.90, 8.05, 5.19, -1.10, -1.04
820, 3.79, 3.00, 8.16, 3.72, -0.92, -0.12
830, 3.79, 3.41, 8.42, -1.77, -1.65, -0.18
840, 3.95, 3.55, 8.60, -3.85, -2.26, -0.55
850, 3.95, 3.60, 8.64, -3.17, -2.14, -1.40
860, 3.98, 3.51, 8.50, -0.73, -0.92, -2.56
870, 4.01, 3.26, 8.28, 1.89, 1.40, -3.72
880, 4.00, 3.06, 8.13, -0.49, 2.08, -5.62
890, 3.95, 2.82, 7.74, -4.27, 1.59, -5.62
900, 4.10, 2.82, 7.53, -9.64, 2.50, -5.74
910, 4.32, 2.88, 7.16, -16.05, 3.60, -6.16
920, 4.62, 2.66, 6.19, -25.51, 5.86, -8.30
930, 4.94, 2.39, 5.30, -46.26, 28.38, -27.89
940, 5.04, 2.96, 5.26, -114.38, 33.08, -43.52
950, 4.86, 2.69, 5.11, -143.37, 40.34, -59.08
960, 4.62, 2.61, 5.26, -172.00, 48.71, -72.02
970, 4.30, 2.63, 5.37, -194.64, 54.50, -79.59
980, 3.92, 2.57, 4.89, -208.98, 56.88, -80.32
990, 3.98, 0.54, 2.37, -230.59, 61.71, -71.11
ANS: alpha, 0.808594
0, -4.37, 2.66, 19.06, 0.85, -20.81, 127.08
10, -4.44, 3.02, 18.59, 3.11, -11.78, 126.77
20, -4.31, 3.71, 18.63, -2.38, -5.43, 125.24
30, -3.99, 4.60, 18.80, -10.68, 11.66, 117.55
40, -3.70, 5.96, 19.12, -8.73, 23.86, 109.86
50, -3.64, 6.41, 19.07, -2.99, 36.74, 102.05
60, -3.62, 6.57, 18.64, 7.63, 49.68, 95.64
70, -3.55, 6.68, 17.97, 20.08, 62.44, 90.52
80, -3.26, 6.66, 17.13, 29.79, 73.61, 81.24
90, -2.60, 6.57, 15.22, 35.71, 89.54, 74.65
100, -2.34, 6.33, 14.51, 33.57, 95.03, 66.04
110, -2.23, 6.14, 13.84, 29.79, 99.37, 55.73
120, -2.16, 6.03, 13.23, 25.88, 103.39, 45.35
130, -2.33, 5.88, 12.25, 23.44, 107.67, 35.64
140, -1.66, 5.68, 11.70, 20.57, 124.51, 22.16
150, -1.64, 6.07, 10.79, 23.38, 120.48, 14.53
160, -1.95, 6.21, 10.33, 22.16, 106.45, 6.10
170, -2.08, 6.23, 9.76, 26.61, 99.85, 1.28
180, -1.98, 6.09, 8.96, 34.00, 101.44, -0.49
190, -1.56, 6.12, 8.22, 39.06, 105.16, -10.99
200, -1.32, 6.13, 6.78, 36.38, 100.46, -20.02
210, -1.22, 6.02, 6.33, 30.70, 93.75, -30.03
220, -1.22, 5.77, 6.08, 24.84, 87.16, -41.32
230, -1.31, 5.55, 5.72, 19.71, 83.74, -51.64
240, -1.26, 5.25, 5.45, 17.27, 81.48, -67.44
250, -1.41, 4.60, 5.09, 14.40, 78.43, -73.67
260, -1.51, 4.29, 4.71, 15.93, 75.20, -77.64
270, -1.54, 3.98, 4.25, 16.48, 71.90, -80.75
280, -1.47, 3.80, 3.94, 12.76, 66.83, -83.50
290, -1.43, 3.88, 4.11, 5.31, 60.06, -86.24
300, -1.58, 3.95, 4.61, 0.37, 47.12, -96.25
310, -1.65, 3.52, 4.27, 6.04, 44.01, -100.65
320, -1.54, 2.87, 3.61, 11.66, 41.69, -104.19
330, -1.32, 2.10, 2.94, 13.12, 38.57, -107.91
340, -1.22, 1.43, 2.56, 9.77, 33.02, -112.06
350, -1.24, 0.97, 2.69, -4.58, 14.95, -117.13
360, -1.18, 0.55, 2.65, -12.27, 5.62, -117.13
370, -1.00, 0.46, 3.23, -19.59, -0.98, -117.55
380, -1.07, 0.54, 3.70, -25.51, -9.28, -117.68
390, -1.06, 0.70, 4.24, -30.15, -19.53, -116.82
400, -0.96, 1.03, 4.68, -27.40, -41.20, -116.15
410, -1.17, 1.11, 5.33, -21.97, -50.72, -117.86
420, -1.37, 0.78, 5.51, -15.81, -57.01, -120.24
430, -1.46, 0.39, 5.59, -11.84, -60.42, -122.44
440, -1.53, -0.05, 5.60, -10.80, -62.93, -124.76
450, -1.52, -0.55, 5.88, -13.24, -66.10, -130.37
460, -1.73, -1.48, 6.58, -23.38, -70.74, -133.24
470, -2.08, -1.97, 6.59, -27.34, -70.01, -136.60
480, -2.17, -2.82, 6.57, -30.70, -66.71, -137.39
490, -2.06, -3.73, 7.12, -39.25, -65.43, -136.05
500, 3.83, 3.32, 8.30, -3.30, -2.93, -1.46
510, 3.91, 3.42, 8.51, -3.97, -3.72, -1.53
520, 3.89, 3.35, 8.70, -1.34, -2.26, -1.71
530, 3.87, 3.10, 8.30, 6.16, -0.61, -1.83
540, 3.89, 2.91, 8.12, 8.12, 0.12, -1.22
550, 3.84, 2.81, 8.09, 7.26, -0.24, -1.16
560, 3.75, 2.90, 8.05, 5.19, -1.10, -1.04
570, 3.79, 3.00, 8.16, 3.72, -0.92, -0.12
580, 3.79, 3.41, 8.42, -1.77, -1.65, -0.18
590, 3.95, 3.55, 8.60, -3.85, -2.26, -0.55
600, 3.95, 3.60, 8.64, -3.17, -2.14, -1.40
610, 3.98, 3.51, 8.50, -0.73, -0.92, -2.56
620, 4.01, 3.26, 8.28, 1.89, 1.40, -3.72
630, 4.00, 3.06, 8.13, -0.49, 2.08, -5.62
640, 3.95, 2.82, 7.74, -4.27, 1.59, -5.62
650, 4.10, 2.82, 7.53, -9.64, 2.50, -5.74
660, 4.32, 2.88, 7.16, -16.05, 3.60, -6.16
670, 4.62, 2.66, 6.19, -25.51, 5.86, -8.30
680, 4.94, 2.39, 5.30, -46.26, 28.38, -27.89
690, 5.04, 2.96, 5.26, -114.38, 33.08, -43.52
700, 4.86, 2.69, 5.11, -143.37, 40.34, -59.08
710, 4.62, 2.61, 5.26, -172.00, 48.71, -72.02
720, 4.30, 2.63, 5.37, -194.64, 54.50, -79.59
730, 3.92, 2.57, 4.89, -208.98, 56.88, -80.32
740, 3.98, 0.54, 2.37, -230.59, 61.71, -71.11
750, 3.74, -0.26, 1.54, -255.55, 57.19, -64.70
760, 3.03, -0.12, 1.97, -287.35, 46.94, -53.77
770, 2.10, 0.18, 3.05, -310.12, 29.66, -35.10
780, 1.06, 0.73, 4.50, -315.49, 8.61, -7.93
790, 0.14, 1.17, 5.85, -270.08, -34.06, 68.42
800, -1.21, 1.26, 7.29, -233.15, -52.37, 110.96
810, -2.34, 1.45, 7.43, -195.50, -68.18, 149.11
820, -3.08, 2.43, 7.73, -168.27, -80.32, 187.50
830, -3.37, 3.56, 7.68, -148.99, -86.30, 226.26
840, -3.19, 5.07, 7.94, -120.97, -76.05, 282.65
850, -2.66, 7.04, 7.24, -116.27, -67.69, 292.79
860, -2.44, 7.34, 6.39, -114.69, -58.29, 292.72
870, -2.89, 7.84, 6.15, -119.26, -49.01, 287.54
880, -3.55, 9.29, 6.93, -135.31, -39.31, 278.81
890, -3.99, 11.18, 8.20, -149.78, -25.39, 273.74
900, -4.40, 14.04, 10.43, -137.94, 18.01, 264.10
910, -4.40, 15.52, 11.94, -119.38, 38.51, 252.38
920, -4.95, 16.94, 13.44, -89.36, 61.95, 238.40
930, -5.85, 17.72, 13.70, -45.65, 93.38, 223.75
940, -6.49, 17.75, 12.85, 3.97, 133.24, 212.77
950, -7.58, 16.94, 8.43, 68.85, 217.41, 187.50
960, -8.23, 17.26, 6.14, 87.71, 251.10, 174.13
970, -8.01, 18.99, 4.91, 101.44, 268.62, 170.84
980, -6.47, 19.82, 3.71, 121.40, 263.43, 174.56
990, -5.10, 20.36, 2.74, 138.49, 251.22, 170.10
ANS: gamma, 0.574219
0, -1.41, 4.60, 5.09, 14.40, 78.43, -73.67
10, -1.51, 4.29, 4.71, 15.93, 75.20, -77.64
20, -1.54, 3.98, 4.25, 16.48, 71.90, -80.75
30, -1.47, 3.80, 3.94, 12.76, 66.83, -83.50
40, -1.43, 3.88, 4.11, 5.31, 60.06, -86.24
50, -1.58, 3.95, 4.61, 0.37, 47.12, -96.25
60, -1.65, 3.52, 4.27, 6.04, 44.01, -100.65
70, -1.54, 2.87, 3.61, 11.66, 41.69, -104.19
80, -1.32, 2.10, 2.94, 13.12, 38.57, -107.91
90, -1.22, 1.43, 2.56, 9.77, 33.02, -112.06
100, -1.24, 0.97, 2.69, -4.58, 14.95, -117.13
110, -1.18, 0.55, 2.65, -12.27, 5.62, -117.13
120, -1.00, 0.46, 3.23, -19.59, -0.98, -117.55
130, -1.07, 0.54, 3.70, -25.51, -9.28, -117.68
140, -1.06, 0.70, 4.24, -30.15, -19.53, -116.82
150, -0.96, 1.03, 4.68, -27.40, -41.20, -116.15
160, -1.17, 1.11, 5.33, -21.97, -50.72, -117.86
170, -1.37, 0.78, 5.51, -15.81, -57.01, -120.24
180, -1.46, 0.39, 5.59, -11.84, -60.42, -122.44
190, -1.53, -0.05, 5.60, -10.80, -62.93, -124.76
200, -1.52, -0.55, 5.88, -13.24, -66.10, -130.37
210, -1.73, -1.48, 6.58, -23.38, -70.74, -133.24
220, -2.08, -1.97, 6.59, -27.34, -70.01, -136.60
230, -2.17, -2.82, 6.57, -30.70, -66.71, -137.39
240, -2.06, -3.73, 7.12, -39.25, -65.43, -136.05
250, 3.83, 3.32, 8.30, -3.30, -2.93, -1.46
260, 3.91, 3.42, 8.51, -3.97, -3.72, -1.53
270, 3.89, 3.35, 8.70, -1.34, -2.26, -1.71
280, 3.87, 3.10, 8.30, 6.16, -0.61, -1.83
290, 3.89, 2.91, 8.12, 8.12, 0.12, -1.22
300, 3.84, 2.81, 8.09, 7.26, -0.24, -1.16
310, 3.75, 2.90, 8.05, 5.19, -1.10, -1.04
320, 3.79, 3.00, 8.16, 3.72, -0.92, -0.12
330, 3.79, 3.41, 8.42, -1.77, -1.65, -0.18
340, 3.95, 3.55, 8.60, -3.85, -2.26, -0.55
350, 3.95, 3.60, 8.64, -3.17, -2.14, -1.40
360, 3.98, 3.51, 8.50, -0.73, -0.92, -2.56
370, 4.01, 3.26, 8.28, 1.89, 1.40, -3.72
380, 4.00, 3.06, 8.13, -0.49, 2.08, -5.62
390, 3.95, 2.82, 7.74, -4.27, 1.59, -5.62
400, 4.10, 2.82, 7.53, -9.64, 2.50, -5.74
410, 4.32, 2.88, 7.16, -16.05, 3.60, -6.16
420, 4.62, 2.66, 6.19, -25.51, 5.86, -8.30
430, 4.94, 2.39, 5.30, -46.26, 28.38, -27.89
440, 5.04, 2.96, 5.26, -114.38, 33.08, -43.52
450, 4.86, 2.69, 5.11, -143.37, 40.34, -59.08
460, 4.62, 2.61, 5.26, -172.00, 48.71, -72.02
470, 4.30, 2.63, 5.37, -194.64, 54.50, -79.59
480, 3.92, 2.57, 4.89, -208.98, 56.88, -80.32
490, 3.98, 0.54, 2.37, -230.59, 61.71, -71.11
500, 3.74, -0.26, 1.54, -255.55, 57.19, -64.70
510, 3.03, -0.12, 1.97, -287.35, 46.94, -53.77
520, 2.10, 0.18, 3.05, -310.12, 29.66, -35.10
530, 1.06, 0.73, 4.50, -315.49, 8.61, -7.93
540, 0.14, 1.17, 5.85, -270.08, -34.06, 68.42
550, -1.21, 1.26, 7.29, -233.15, -52.37, 110.96
560, -2.34, 1.45, 7.43, -195.50, -68.18, 149.11
570, -3.08, 2.43, 7.73, -168.27, -80.32, 187.50
580, -3.37, 3.56, 7.68, -148.99, -86.30, 226.26
590, -3.19, 5.07, 7.94, -120.97, -76.05, 282.65
600, -2.66, 7.04, 7.24, -116.27, -67.69, 292.79
610, -2.44, 7.34, 6.39, -114.69, -58.29, 292.72
620, -2.89, 7.84, 6.15, -119.26, -49.01, 287.54
630, -3.55, 9.29, 6.93, -135.31, -39.31, 278.81
640, -3.99, 11.18, 8.20, -149.78, -25.39, 273.74
650, -4.40, 14.04, 10.43, -137.94, 18.01, 264.10
660, -4.40, 15.52, 11.94, -119.38, 38.51, 252.38
670, -4.95, 16.94, 13.44, -89.36, 61.95, 238.40
680, -5.85, 17.72, 13.70, -45.65, 93.38, 223.75
690, -6.49, 17.75, 12.85, 3.97, 133.24, 212.77
700, -7.58, 16.94, 8.43, 68.85, 217.41, 187.50
710, -8.23, 17.26, 6.14, 87.71, 251.10, 174.13
720, -8.01, 18.99, 4.91, 101.44, 268.62, 170.84
730, -6.47, 19.82, 3.71, 121.40, 263.43, 174.56
740, -5.10, 20.36, 2.74, 138.49, 251.22, 170.10
750, -3.36, 20.97, 2.29, 137.21, 258.06, 131.47
760, -1.55, 21.75, 0.93, 130.98, 269.04, 100.83
770, -0.37, 22.09, 0.49, 128.48, 268.37, 64.15
780, -0.56, 21.65, -0.17, 128.72, 253.60, 24.54
790, -0.96, 20.10, -0.77, 124.39, 234.62, -20.32
800, -1.62, 19.15, -0.41, 100.28, 201.17, -104.37
810, -1.67, 19.28, 4.08, 45.65, 195.01, -138.24
820, -1.97, 20.18, 6.01, 62.01, 199.22, -164.25
830, -1.78, 21.00, 6.44, 104.86, 210.69, -184.94
840, -2.30, 21.64, 5.38, 163.09, 223.82, -206.18
850, -2.01, 20.72, 2.87, 231.51, 230.41, -226.81
860, -0.71, 16.65, -1.23, 302.61, 202.88, -260.38
870, -1.21, 15.24, -2.48, 313.96, 184.88, -278.08
880, -1.52, 13.62, -2.45, 313.72, 165.83, -283.45
890, -1.39, 11.89, -1.85, 302.25, 147.34, -281.07
900, -1.32, 10.61, -1.13, 294.25, 131.16, -278.75
910, -0.96, 10.18, 0.45, 303.77, 110.90, -275.21
920, -1.54, 8.36, 0.11, 320.86, 102.29, -274.60
930, -1.90, 6.83, -0.43, 340.33, 101.32, -281.19
940, -2.23, 4.91, -0.83, 355.41, 100.52, -289.18
950, -2.39, 3.51, -0.89, 361.51, 91.43, -289.25
960, -2.31, 2.44, -0.71, 345.64, 47.67, -249.57
970, -1.89, 0.95, -1.02, 330.44, 26.25, -223.94
980, -1.21, 0.58, -1.10, 310.42, 10.38, -202.51
990, -0.85, -0.17, -0.82, 287.29, -2.62, -187.19
ANS: unknown, 0.726562
0, 3.83, 3.32, 8.30, -3.30, -2.93, -1.46
10, 3.91, 3.42, 8.51, -3.97, -3.72, -1.53
20, 3.89, 3.35, 8.70, -1.34, -2.26, -1.71
30, 3.87, 3.10, 8.30, 6.16, -0.61, -1.83
40, 3.89, 2.91, 8.12, 8.12, 0.12, -1.22
50, 3.84, 2.81, 8.09, 7.26, -0.24, -1.16
60, 3.75, 2.90, 8.05, 5.19, -1.10, -1.04
70, 3.79, 3.00, 8.16, 3.72, -0.92, -0.12
80, 3.79, 3.41, 8.42, -1.77, -1.65, -0.18
90, 3.95, 3.55, 8.60, -3.85, -2.26, -0.55
100, 3.95, 3.60, 8.64, -3.17, -2.14, -1.40
110, 3.98, 3.51, 8.50, -0.73, -0.92, -2.56
120, 4.01, 3.26, 8.28, 1.89, 1.40, -3.72
130, 4.00, 3.06, 8.13, -0.49, 2.08, -5.62
140, 3.95, 2.82, 7.74, -4.27, 1.59, -5.62
150, 4.10, 2.82, 7.53, -9.64, 2.50, -5.74
160, 4.32, 2.88, 7.16, -16.05, 3.60, -6.16
170, 4.62, 2.66, 6.19, -25.51, 5.86, -8.30
180, 4.94, 2.39, 5.30, -46.26, 28.38, -27.89
190, 5.04, 2.96, 5.26, -114.38, 33.08, -43.52
200, 4.86, 2.69, 5.11, -143.37, 40.34, -59.08
210, 4.62, 2.61, 5.26, -172.00, 48.71, -72.02
220, 4.30, 2.63, 5.37, -194.64, 54.50, -79.59
230, 3.92, 2.57, 4.89, -208.98, 56.88, -80.32
240, 3.98, 0.54, 2.37, -230.59, 61.71, -71.11
250, 3.74, -0.26, 1.54, -255.55, 57.19, -64.70
260, 3.03, -0.12, 1.97, -287.35, 46.94, -53.77
270, 2.10, 0.18, 3.05, -310.12, 29.66, -35.10
280, 1.06, 0.73, 4.50, -315.49, 8.61, -7.93
290, 0.14, 1.17, 5.85, -270.08, -34.06, 68.42
300, -1.21, 1.26, 7.29, -233.15, -52.37, 110.96
310, -2.34, 1.45, 7.43, -195.50, -68.18, 149.11
320, -3.08, 2.43, 7.73, -168.27, -80.32, 187.50
330, -3.37, 3.56, 7.68, -148.99, -86.30, 226.26
340, -3.19, 5.07, 7.94, -120.97, -76.05, 282.65
350, -2.66, 7.04, 7.24, -116.27, -67.69, 292.79
360, -2.44, 7.34, 6.39, -114.69, -58.29, 292.72
370, -2.89, 7.84, 6.15, -119.26, -49.01, 287.54
380, -3.55, 9.29, 6.93, -135.31, -39.31, 278.81
390, -3.99, 11.18, 8.20, -149.78, -25.39, 273.74
400, -4.40, 14.04, 10.43, -137.94, 18.01, 264.10
410, -4.40, 15.52, 11.94, -119.38, 38.51, 252.38
420, -4.95, 16.94, 13.44, -89.36, 61.95, 238.40
430, -5.85, 17.72, 13.70, -45.65, 93.38, 223.75
440, -6.49, 17.75, 12.85, 3.97, 133.24, 212.77
450, -7.58, 16.94, 8.43, 68.85, 217.41, 187.50
460, -8.23, 17.26, 6.14, 87.71, 251.10, 174.13
470, -8.01, 18.99, 4.91, 101.44, 268.62, 170.84
480, -6.47, 19.82, 3.71, 121.40, 263.43, 174.56
490, -5.10, 20.36, 2.74, 138.49, 251.22, 170.10
500, -3.36, 20.97, 2.29, 137.21, 258.06, 131.47
510, -1.55, 21.75, 0.93, 130.98, 269.04, 100.83
520, -0.37, 22.09, 0.49, 128.48, 268.37, 64.15
530, -0.56, 21.65, -0.17, 128.72, 253.60, 24.54
540, -0.96, 20.10, -0.77, 124.39, 234.62, -20.32
550, -1.62, 19.15, -0.41, 100.28, 201.17, -104.37
560, -1.67, 19.28, 4.08, 45.65, 195.01, -138.24
570, -1.97, 20.18, 6.01, 62.01, 199.22, -164.25
580, -1.78, 21.00, 6.44, 104.86, 210.69, -184.94
590, -2.30, 21.64, 5.38, 163.09, 223.82, -206.18
600, -2.01, 20.72, 2.87, 231.51, 230.41, -226.81
610, -0.71, 16.65, -1.23, 302.61, 202.88, -260.38
620, -1.21, 15.24, -2.48, 313.96, 184.88, -278.08
630, -1.52, 13.62, -2.45, 313.72, 165.83, -283.45
640, -1.39, 11.89, -1.85, 302.25, 147.34, -281.07
650, -1.32, 10.61, -1.13, 294.25, 131.16, -278.75
660, -0.96, 10.18, 0.45, 303.77, 110.90, -275.21
670, -1.54, 8.36, 0.11, 320.86, 102.29, -274.60
680, -1.90, 6.83, -0.43, 340.33, 101.32, -281.19
690, -2.23, 4.91, -0.83, 355.41, 100.52, -289.18
700, -2.39, 3.51, -0.89, 361.51, 91.43, -289.25
710, -2.31, 2.44, -0.71, 345.64, 47.67, -249.57
720, -1.89, 0.95, -1.02, 330.44, 26.25, -223.94
730, -1.21, 0.58, -1.10, 310.42, 10.38, -202.51
740, -0.85, -0.17, -0.82, 287.29, -2.62, -187.19
750, -0.64, -0.74, -0.30, 254.82, -15.26, -181.27
760, -0.56, -1.41, 0.08, 215.33, -31.62, -181.70
770, -1.55, -1.46, 0.18, 144.90, -61.28, -177.43
780, -1.10, -2.12, 1.36, 111.08, -72.33, -170.59
790, -0.92, -3.84, 2.27, 70.37, -89.60, -163.45
800, -0.72, -2.78, 4.11, 26.25, -105.22, -164.43
810, -0.72, -1.87, 5.45, -8.12, -119.69, -159.06
820, -0.76, -2.03, 6.02, -20.45, -115.42, -146.18
830, 0.04, -2.60, 6.51, -21.67, -91.13, -146.42
840, 0.49, -3.17, 7.03, -26.55, -66.83, -151.18
850, 0.38, -3.85, 7.33, -30.15, -47.49, -162.23
860, -0.24, -4.92, 6.85, -31.31, -35.58, -174.38
870, -0.91, -5.83, 5.93, -46.08, -23.13, -167.42
880, -0.16, -6.93, 6.00, -64.94, -26.55, -158.75
890, -0.03, -7.53, 7.10, -95.34, -44.56, -153.44
900, -0.36, -7.33, 8.58, -127.87, -70.01, -153.44
910, -0.82, -7.22, 10.22, -144.04, -89.60, -153.93
920, -1.25, -7.35, 11.90, -130.55, -89.05, -149.48
930, -2.46, -9.77, 11.64, -27.95, -76.48, -143.07./
940, -2.99, -11.49, 10.98, 14.28, -62.74, -133.06
950, -3.33, -13.03, 10.63, 32.78, -57.01, -122.99
960, -3.89, -13.55, 10.62, 32.35, -56.40, -113.46
970, -4.50, -13.53, 10.82, 26.25, -54.20, -103.58
980, -4.61, -13.91, 11.64, 22.09, -33.75, -86.49
990, -5.08, -13.68, 11.31, 18.98, -21.79, -78.43
ANS: beta, 0.710938
^^^
